$ANSIBLE_VAULT;1.1;AES256
33613264323636616336343934643834633633616266633365333663656464316637656134333038
3634383964393164613236663566343761326539363863370a323338666138633666633334373162
35353235366236393363623561303963626562323164396164633039313237636637383230323638
6338343139333331310a636237633134373063306436366232653236303936323865663565323965
36306430323664613234353766343866613233313362346437623837323337616336613736343935
30336630623437373562356438623431653439663630623736386666303737653839383233363331
37313261366339353235393163333331333061636162323038303137623830356134303638393737
64393338313335613665623239666237306564383632633263633031366638646338323130323339
39383731663564333538383830346131313431633839386238396436323136633362323434663562
30306337393437373633356363383932353139333463636563326266623239323865336639633861
66316162366132613134343931323766346565626633613663653135363663616530346361633463
35313566346337346530363435333434643633356638613835613162323230616538353732326432
65386362633966353433636232636135326536383664626234336363313335666339383434316236
37616166383237386362383662353663613635633233356664333035343866376361316265333530
36313030636264346636653332323836633733616133643730643262353864626338303835326335
31333662303963356464376166393262616438323438633531343935666463666263316437323632
62613633656336666432663964613137323137343030386364356132636363663366666238646634
63323132313835623137306535376530653634303166616131343161353464336135623762393831
64316538356562313335346634396234343138313433356233626537383338333362313537343438
36643864363765656132333935376237323330373366333938313037373861653663613539373934
39353537643762396536393039333937633934373637653035653966393433303338376436363930
34626238303538643263343431313738616334306234356261613536373839646262353636306237
61333933626264363739396464316565373736316237343361353634373637386433383633353366
38386138313962663261383163643662356261646135613133353135306530643936633733666437
32353664666465656636343238313034656266616462316531646265386431336464313566653036
30313237653130306630306135376461366138646234343561373135636432623466656166333633
62346435663365393531646131613031386461366463313763653232353933383166353331663434
66363934366566306133366537383336613336343965313563343730336137613231616137373631
39626638396461663232353261623162633637646263383962303166356338353564333933656232
33303433383066363035303332366433646339313239383632333336643735663466653465303465
65373730326638666338386465643264363366343139633662343463666262346235666539333136
30636136663034346666333863343139663436663830326634343237636361666531343963303062
35663262646535666238613431356230313664616563646666653230356334663730346366383062
61373030323338326237363331313839636464343362326635346338343064366334373935313261
37633334363930306362386262633435646338313733643136366238313663366339373065633934
63633865663634646137666536333264613463303238316234363437376262643665393866626464
61383563633566356565386562636539356262383861303762623763343035643965656431663533
30643637316136366366313034613330326636643132343138333637373739323638323663326631
31613562623261326164386531323232626363323766643864343635616437363136663135623366
34656438353438386533373336643563613662643164393031656534636530363231303538333336
61343066356462356535376564383837363266393632346266623239663365383038373831633935
32303237313830396661666436343338643439353332336234343338666336346138633037336334
37346164626163373931376235376635373134306435633532333733353931663032663064323430
65646265633762636632303830326563353736616536326161303038663435623465663366633530
30646530393162623332663061383264343732333939376562346335306535323030646333363966
34396334303538626333663565343136333861323964376336363166333165326635616366636334
37343466663566346161646362633239363533633838336232613865613633316636353435343930
63613635373735646536306466306538353130383636376531656230363334303765643230383437
39366461613334323766623564616163656662633564346234386639656334623234336430376637
36636136383865363431326637393734316232373931326265653039646632313862303238373962
62396237326232646361313139383031313365623963353466636635303166613035613461333362
62323632666635333337663036383838616162363633343865376364346531643435353236326462
32656237333434323531656636356532306534343830326631336239323434626239393732626131
39326234643439643963383933303064353033333564636265663339333665386334383062623735
66333832656430343464636165666565316338386561343439643039656164323033633736663463
65646465643836376431646231323738373637373966326564363366383964633537613665356138
38663161643361303061393663386164306165336334616237336334666364313735363130653462
30306534313339326665343066643566363136323161333234663131336231663538306361343138
61373031313130346232623636623437636636303130623566343565373264636466346436373266
36343564316137343763323133376266663765633838623131613238623931326639656666383237
31666661633830356334396366663261626438386136346438663733366564373934613432643764
63323164343866653430303663626261643437613738613862366663613338366639396230636230
65616165393566663637356662616661316337366637353664346261383132616631366363353137
63626564323335316562
