$ANSIBLE_VAULT;1.1;AES256
39653434646264323566653966343662623961366263653833623934623139303762346166623262
3537663033356132663130303438646233663637303164390a396233396561323662613866326466
31333062353431633338373736613638393336376562313330333331303063663966613537626438
3862616438663137330a326465623139363161323661383536633139396534363565396563326433
64636564623637653861616262653766666565666336333263333730643766316664363334363934
32656632356434333364653062376232366638383633346430376161343431613232313832383334
63393739633732303836333032396136386230626437653463386564356165626232326338333736
37333038353431373834313331346236633266316230326363343864333033336332353931366163
35373165343066313235636364343931396337646363343930386166363962653638316639313238
66396339383361366637656630626537303465326633636566323764353061363338646234363361
63666535323039323662313533383434306431353963623430616330333464623261333036353730
37323838323830633063363235396530316233363561343532396138393761656536386238623961
37633961626264653637366263643234643330633130383839656336346635666463636364316634
33366438316162636665633536343764643634356131636266303636313866333661633132373163
36323739613630663436393065616138666537663566613335356365333137353263353231303662
65373837663337333037363931306463643933353232633135346666623635626632363932616366
37343931343332353263643437613266373963363636393936363561396636316665343537633164
32303561303539353137376431303034656635343631313335366439653037323734333631313236
62393931643130336233373765646464656366396531613861313763383661613265346263346238
61376661616339653933633064393063356264346161393461343032396562636231633736343238
65303236336534666230663464323035393865656531626531623538363032366635666339343963
66666230373638363562646232303736376435616232313432386263633162303564366235356335
37363333663134393037613463343664356661643030646631616237383032643235383363646435
38323934363837393131383962356635323234646433643863396539396130303638363366313633
33376538373665636332393037663033633839633830373036643362323063376238626666356464
34363736363265663763313262386662396537303037383934333032316436343331353065623639
393630306162333161633063346230386335
